55.714523
55.776276
55.692455
55.723297
55.739517
55.673996
55.659458
55.638676
55.681580
55.732136
55.813511
55.688507
55.659328
55.619343
55.708378
55.759201
55.801941
55.701733
55.698978
55.701298
55.697540
55.731678
55.736660
55.721409
55.707058
55.713516
55.725391
55.720764
55.703846
55.753368
55.709530
55.686436
55.761318
55.799847
55.810471
55.727428
55.697010
55.638538
55.785248
55.740772
55.719715
55.790894
55.794003
55.793747
55.745743
55.740612
55.748615
55.750462
55.748493
55.742268
55.753845
55.774227
55.793270
55.754608
55.774963
55.777790
55.756878
55.786671
55.807541
55.771606
55.813206
55.816586
55.779465
55.821766
55.879353
55.772381
55.831970
55.883610
55.772854
55.793430
55.813263
55.784267
55.810932
55.819828
55.749317
55.731861
55.676254
55.762939
55.758366
55.724903
55.791424
55.761810
55.765545
55.776752
55.786194
55.750927
55.788219
55.801250
55.810959
55.790081
55.811966
55.820454
55.792355
55.795383
55.818157
55.796886
55.834385
55.884766
55.865231
55.892147
55.942425
55.773037
55.739193
55.725254
55.791290
55.797321
55.845657
55.797192
55.818405
55.800766
55.800320
55.824116
55.808430
55.779652
55.758739
55.746185
55.790619
55.777760
55.765579
55.776653
55.735851
55.725971
55.774723
55.752819
55.721546
55.773834
55.783451
55.804417
55.764858
55.729416
55.667240
55.781963
55.798431
55.826801
55.761688
55.734562
55.713299
55.751324
55.712097
55.677990
55.778530
55.761951
55.744709
55.766933
55.767838
55.762970
55.774506
55.787659
55.768330
55.746429
55.753796
55.775761
55.758602
55.729328
55.679523
55.731907
55.754696
55.803715
55.679478
55.667019
55.662628
55.700119
55.672558
55.646328
55.673367
55.695583
55.700954
55.666138
55.639606
55.620895
55.643661
55.621353
55.617447
55.615204
55.562450
55.537991
55.588482
55.549656
55.528835
55.580566
55.539490
55.537853
55.562504
55.540131
55.517254
55.584839
55.577328
55.565868
55.542282
55.516041
55.459530
55.542866
55.489346
55.484573
55.536755
55.544666
55.589474
55.499119
55.483440
55.489410
55.450729
55.449215
55.418045
55.414127
55.418625
55.461563
55.389889
55.375992
55.356777
55.374008
55.331890
55.306423
55.373447
55.400646
55.415424
55.364239
55.382359
55.395660
55.361801
55.321522
55.273952
55.381985
55.399067
55.393307
55.364010
55.379261
55.401714
55.323364
55.320862
55.299622
55.304020
55.309864
55.298328
55.256199
55.269482
55.288654
55.263592
55.264118
55.274746
55.242115
55.256561
55.240250
55.219257
55.188675
55.215168
55.231853
55.231632
55.238964
55.225479
55.203838
55.202068
55.215595
55.209976
55.200161
55.242313
55.226933
55.213474
55.233707
55.233032
55.240726
55.249863
55.284344
55.326702
55.275814
55.270306
55.274902
55.225677
55.216297
55.229771
55.216129
55.219299
55.204067
55.201160
55.211521
55.248234
55.235065
55.242916
55.255314
55.250641
55.252914
55.228992
55.230774
55.237625
55.274639
55.285324
55.298050
55.299702
55.295551
55.299633
55.318958
55.334972
55.356266
55.377121
55.400753
55.422932
55.430637
55.412777
55.452579
55.485653
55.441341
55.455875
55.464859
55.441437
55.448013
55.428253
55.420517
55.388809
55.347153
55.472210
55.499569
55.553925
55.468491
55.497898
55.473263
55.453308
55.479069
55.505020
55.497326
55.522182
55.533630
55.529572
55.541126
55.560780
55.542080
55.515121
55.496441
55.568760
55.553356
55.557056
55.625797
55.616505
55.616154
55.633053
55.595699
55.596039
55.623138
55.574955
55.506016
55.644291
55.653515
55.677551
55.684498
55.670666
55.678715
55.675629
55.648407
55.602062
55.740646
55.762554
55.809986
55.733051
55.716145
55.717548
55.785187
55.802887
55.803162
55.781963
55.791153
55.770126
55.801102
55.809830
55.821133
55.813145
55.829559
55.813618
55.768803
55.752445
55.754711
55.808487
55.823177
55.836742
55.818020
55.835556
55.842316
55.830486
55.847347
55.863354
55.813396
55.820690
55.826237
55.795818
55.763535
55.743366
55.797749
55.826817
55.829578
55.803005
